[1.081924, -0.957527, -63.405668;

0.000000, -0.403998, 370.864314;

0.000000, -0.001522, 1.000000]

Obtained Using:
fx = 699.948, fy = 699.948, cx = 629.026, cy = 388.817 (pixels)
H = 0.75m, theta = 10-deg,
Ox = 5.0m, Oy = 5.0m,
s = 128 pixel/m
